theta
10216.610437173595
9436.461187899013
10133.166429047258
8786.704470455894
5769.793384984997
6148.789368361003
260.97693729675177
355.2936020326158
127.06399768924462
96.77338729976174
135.24635111034308
133.88338445928272
113.77916598497428
1447.8075238552456
-1594.8305857853488
114.42739217307184
68.18099902577882
-18.58224880184047
9999.62723126047
9999.498143820061
9999.617546661477
9998.36484327293
9998.243344233215
9998.229012061416
99.99998231091439
99.99997600709159
99.99998234127547
99.99970063064232
99.99964930574382
99.99961960975797
-373.2553907880616
