theta
10095.992939685142
9777.915748175838
10014.016747494457
9605.950392009656
8043.789825672846
7530.268269040382
306.85044741432193
273.84167817578754
143.1359486024734
98.2638683260974
113.75577857275131
109.10231691335295
60.41052767973564
698.7362568048444
-1180.4515662225979
139.21294962893018
66.14795096737194
-9.756520201896814
9999.83839737987
9999.77667854789
9999.84055764204
9999.308014685068
9999.246348550918
9999.246507715317
99.99999238914134
99.99998937741947
99.99999280881788
99.99987611873097
99.99985315181213
99.99983667463839
-352.24455313580444
