theta
9997.673572763137
10029.711078054957
9913.030607544346
10147.980245277327
10109.204524252911
9169.992957099179
93.36279917063167
-118.0772884150589
-9.30509378706723
99.63787149952451
98.02727979557238
90.97939061258778
52.4867132308647
47.09412243544257
-438.65550027475234
143.43451711275117
38.28822858445434
27.59799888599903
9999.974241771371
9999.972741717036
9999.974828278193
9999.919454683142
9999.920741770144
9999.91510656977
99.99999876109834
99.9999986829135
99.9999988161937
99.9999849905193
99.99998301148004
99.99998059293335
-820.912196674631
